Размеры изображений:
16
16
16
16
24
24
24
24
24
24
24
24
16
16
24
24
24
24
24
24
24
24
24
24
24
24
24
24
24
24
24
24
24
24
24
24
24
24
24
24
24
24
24
24
24
24
24
24
24
24
24
24
24
24
24
24
24
24
24
24
24
24
24
24
24
24
24
24
24
24
24
24
24
24
24
24
24
24
24
24
24
24
24
24
36
36
24
24
2041
1353
24
24
24
24
24
24
24
24
24
24
24
24
24
24
24
24
24
24
24
24
24
24
24
24
24
24
24
24
24
24
24
24
24
24
24
24
24
24
24
24
24
24
24
24
24
24
24
24
24
24
24
24
24
24
24
24
24
24
24
24
24
24
24
24
24
24
24
24
24
24
24
24
24
24
24
24
24
24
24
24
24
24
24
24
24
24
24
24
24
24
24
24
24
24
24
24
24
24
24
24
24
24
24
24
24
24
24
24
24
24
24
24
24
24
24
24
24
24
24
24
24
24
24
24
24
24
24
24
24
24
24
24
24
24
24
24
24
24
24
24
24
24
24
24
24
24
24
24
24
24
24
24
24
24
24
24
24
24
24
24
24
24
24
24
24
24
24
24
24
24
24
24
24
24
24
24
24
24
24
24
24
24
24
24
24
24
24
24
24
24
24
24
24
24
24
24
16
16
16
16
100
300
24
24
24
24
24
24
24
24
24
24
24
24

Значения в пикселях:
320
568
375
812
414
896
414
896
375
667
414
896
414
736
375
812
414
736
1024
1366
414
896
834
1112
375
667
1024
1366
834
1194
834
1112
320
568
834
1194
768
1024
768
1024
0
10
267
273
223
273
256
258
229
276
201
252
100
100
100
100
100
100
100
100
100
100
100
100
100
100
100
22
0
9999